73.9665,40.7812 74.0134,40.7127 5.62403340785201 Central_Park--One_World_Trade_Center
73.9665,40.7812 73.9525,40.7937 1.603908872087116 Central_Park--Conservatory_Garden
73.9665,40.7812 73.9857,40.7484 2.3611552605462216 Central_Park--Empire_State_Building
73.9665,40.7812 73.9632,40.7794 0.3712014087479457 Central_Park--Metropolitan_Museum_of_Art
73.9665,40.7812 73.9832,40.7536 2.041734833400204 Central_Park--Bryant_Park
74.0445,40.6892 73.9718,40.7678 8.43749836219274 Statue_of_Liberty--Central_Park_Zoo
74.0445,40.6892 73.9501,40.8100 11.134325411829774 Statue_of_Liberty--Apollo_Theater
74.0445,40.6892 73.9832,40.7536 7.098047432803188 Statue_of_Liberty--Bryant_Park
74.0445,40.6892 73.9690,40.6602 8.444749534636358 Statue_of_Liberty--Prospect_Park
74.0445,40.6892 73.9855,40.7580 6.892633717240002 Statue_of_Liberty--Times_Square
73.9855,40.7580 73.9857,40.7484 0.29542406707166147 Times_Square--Empire_State_Building
73.9855,40.7580 73.9665,40.7812 2.23018682650949 Times_Square--Central_Park
73.9855,40.7580 73.9501,40.8100 4.249219443912751 Times_Square--Apollo_Theater
73.9855,40.7580 74.0134,40.7127 3.399941057608877 Times_Square--One_World_Trade_Center
73.9855,40.7580 73.9691,40.7794 1.938880358987558 Times_Square--Belvedere_Castle
73.9718,40.7678 73.9665,40.7812 0.7189915596376543 Central_Park_Zoo--Central_Park
73.9718,40.7678 74.0134,40.7127 4.926152179984474 Central_Park_Zoo--One_World_Trade_Center
73.9718,40.7678 73.9776,40.7614 0.6744011288112556 Central_Park_Zoo--Museum_of_Modern_Art
73.9718,40.7678 73.9832,40.7536 1.3408698791865294 Central_Park_Zoo--Bryant_Park
73.9857,40.7484 73.9772,40.7527 0.9546213792015952 Empire_State_Building--Grand_Central_Terminal
73.9857,40.7484 73.9501,40.8100 4.388693555692466 Empire_State_Building--Apollo_Theater
73.9857,40.7484 73.9855,40.7580 0.29542406707166147 Empire_State_Building--Times_Square
73.9857,40.7484 73.9888,40.7564 0.42325853664271385 Empire_State_Building--Madame_Tussauds_New_York
73.9857,40.7484 73.9855,40.7580 0.29542406707166147 Empire_State_Building--Times_Square
73.9969,40.7061 73.9525,40.7937 5.623630017058927 Brooklyn_Bridge--Conservatory_Garden
73.9969,40.7061 73.9857,40.7484 1.798786217453537 Brooklyn_Bridge--Empire_State_Building
73.9969,40.7061 73.9718,40.7678 3.3733886050619084 Brooklyn_Bridge--Central_Park_Zoo
73.9969,40.7061 74.0134,40.7127 1.8464066450351957 Brooklyn_Bridge--One_World_Trade_Center
73.9969,40.7061 73.9800,40.7600 2.503651031887428 Brooklyn_Bridge--Radio_City_Music_Hall
73.9787,40.7587 73.9857,40.7484 0.8403394580341983 Rockefeller_Center--Empire_State_Building
73.9787,40.7587 73.9690,40.6602 3.211395639041423 Rockefeller_Center--Prospect_Park
73.9787,40.7587 73.9934,40.7505 1.6543256910480704 Rockefeller_Center--Madison_Square_Garden
73.9787,40.7587 73.9525,40.7937 3.1062822336015463 Rockefeller_Center--Conservatory_Garden
73.9787,40.7587 73.9632,40.7794 1.8375496594548055 Rockefeller_Center--Metropolitan_Museum_of_Art
73.9690,40.6602 73.9787,40.7587 3.211395639041423 Prospect_Park--Rockefeller_Center
73.9690,40.6602 73.9997,40.6954 3.581542905133751 Prospect_Park--Brooklyn_Bridge_Park
73.9690,40.6602 73.9665,40.7812 3.7274185891680274 Prospect_Park--Central_Park
73.9690,40.6602 73.9776,40.7614 3.2516303584380517 Prospect_Park--Museum_of_Modern_Art
73.9690,40.6602 73.9501,40.8100 5.061283227093176 Prospect_Park--Apollo_Theater
74.0048,40.7480 73.9969,40.7061 1.556344767386857 The_High_Line--Brooklyn_Bridge
74.0048,40.7480 73.9832,40.7536 2.4086957023934477 The_High_Line--Bryant_Park
74.0048,40.7480 73.9501,40.8100 6.375073548797606 The_High_Line--Apollo_Theater
74.0048,40.7480 74.0445,40.6892 4.768614015051364 The_High_Line--Statue_of_Liberty
73.9632,40.7794 73.8770,40.8506 9.835728647368079 Metropolitan_Museum_of_Art--Bronx_Zoo
73.9632,40.7794 73.9718,40.7678 1.020795437431563 Metropolitan_Museum_of_Art--Central_Park_Zoo
73.9632,40.7794 73.8770,40.8506 9.835728647368079 Metropolitan_Museum_of_Art--Bronx_Zoo
73.9632,40.7794 73.9855,40.7580 2.565994508639153 Metropolitan_Museum_of_Art--Times_Square
73.9632,40.7794 73.9888,40.7564 2.933746166227931 Metropolitan_Museum_of_Art--Madame_Tussauds_New_York
73.9832,40.7536 73.9772,40.7527 0.6679505587802266 Bryant_Park--Grand_Central_Terminal
73.9832,40.7536 73.9934,40.7505 1.1385239766916038 Bryant_Park--Madison_Square_Garden
73.9832,40.7536 73.9997,40.6954 2.5603808159998196 Bryant_Park--Brooklyn_Bridge_Park
73.9832,40.7536 73.9740,40.7813 1.3305224086370233 Bryant_Park--American_Museum_of_Natural_History
73.9691,40.7794 74.0134,40.7127 5.335390421940287 Belvedere_Castle--One_World_Trade_Center
73.9691,40.7794 73.9969,40.7061 3.8239374698459736 Belvedere_Castle--Brooklyn_Bridge
73.9691,40.7794 74.0134,40.7127 5.335390421940287 Belvedere_Castle--One_World_Trade_Center
73.9691,40.7794 73.9878,40.7426 2.3670004222582857 Belvedere_Castle--Madison_Square_Park
73.9691,40.7794 73.9501,40.8100 2.313182328124047 Belvedere_Castle--Apollo_Theater
73.9934,40.7505 73.9632,40.7794 3.4743320729255713 Madison_Square_Garden--Metropolitan_Museum_of_Art
73.9934,40.7505 73.9857,40.7484 0.8588893768526527 Madison_Square_Garden--Empire_State_Building
73.9934,40.7505 73.9501,40.8100 5.151261316751824 Madison_Square_Garden--Apollo_Theater
73.9934,40.7505 74.0134,40.7127 2.5082574196270278 Madison_Square_Garden--One_World_Trade_Center
73.9772,40.7527 74.0134,40.7127 4.209238656101284 Grand_Central_Terminal--One_World_Trade_Center
73.9772,40.7527 73.9878,40.7426 1.2191054847377727 Grand_Central_Terminal--Madison_Square_Park
73.9772,40.7527 73.9718,40.7678 0.7587887717686869 Grand_Central_Terminal--Central_Park_Zoo
73.9772,40.7527 73.9997,40.6954 3.0584195380368873 Grand_Central_Terminal--Brooklyn_Bridge_Park
73.9772,40.7527 73.9525,40.7937 3.0224085332088824 Grand_Central_Terminal--Conservatory_Garden
73.9740,40.7813 73.9934,40.7505 2.355807109209805 American_Museum_of_Natural_History--Madison_Square_Garden
73.9740,40.7813 74.0445,40.6892 8.334062172533121 American_Museum_of_Natural_History--Statue_of_Liberty
73.9740,40.7813 73.9787,40.7587 0.8687845408862827 American_Museum_of_Natural_History--Rockefeller_Center
73.9740,40.7813 73.9969,40.7061 3.4370164017507463 American_Museum_of_Natural_History--Brooklyn_Bridge
73.9740,40.7813 73.9997,40.6954 3.88827332679321 American_Museum_of_Natural_History--Brooklyn_Bridge_Park
73.9776,40.7614 73.8770,40.8506 11.521944130174075 Museum_of_Modern_Art--Bronx_Zoo
73.9776,40.7614 73.9787,40.7587 0.14778668910710646 Museum_of_Modern_Art--Rockefeller_Center
73.9776,40.7614 73.9997,40.6954 3.1847851224731802 Museum_of_Modern_Art--Brooklyn_Bridge_Park
73.9776,40.7614 73.9740,40.7813 0.7305347466948596 Museum_of_Modern_Art--American_Museum_of_Natural_History
73.9776,40.7614 73.9787,40.7587 0.14778668910710646 Museum_of_Modern_Art--Rockefeller_Center
73.9997,40.6954 73.8770,40.8506 14.459474631579628 Brooklyn_Bridge_Park--Bronx_Zoo
73.9997,40.6954 73.9665,40.7812 4.535529439594056 Brooklyn_Bridge_Park--Central_Park
73.9997,40.6954 73.9632,40.7794 4.809383955870429 Brooklyn_Bridge_Park--Metropolitan_Museum_of_Art
73.9997,40.6954 73.9832,40.7536 2.5603808159998196 Brooklyn_Bridge_Park--Bryant_Park
73.9997,40.6954 74.0134,40.7127 1.613448872188038 Brooklyn_Bridge_Park--One_World_Trade_Center
74.0134,40.7127 73.9691,40.7794 5.335390421940287 One_World_Trade_Center--Belvedere_Castle
74.0134,40.7127 73.9665,40.7812 5.62403340785201 One_World_Trade_Center--Central_Park
74.0134,40.7127 73.9501,40.8100 7.648029614723209 One_World_Trade_Center--Apollo_Theater
74.0134,40.7127 74.0445,40.6892 3.533223895121478 One_World_Trade_Center--Statue_of_Liberty
74.0134,40.7127 73.9772,40.7527 4.209238656101284 One_World_Trade_Center--Grand_Central_Terminal
73.9525,40.7937 73.9888,40.7564 4.197025181851333 Conservatory_Garden--Madame_Tussauds_New_York
73.9525,40.7937 73.9718,40.7678 2.289526331268483 Conservatory_Garden--Central_Park_Zoo
73.9525,40.7937 73.9691,40.7794 1.897994723084856 Conservatory_Garden--Belvedere_Castle
73.9525,40.7937 73.9776,40.7614 2.9630017341531025 Conservatory_Garden--Museum_of_Modern_Art
73.9525,40.7937 73.9888,40.7564 4.197025181851333 Conservatory_Garden--Madame_Tussauds_New_York
73.8770,40.8506 73.9665,40.7812 10.182037515350293 Bronx_Zoo--Central_Park
73.8770,40.8506 73.9776,40.7614 11.521944130174075 Bronx_Zoo--Museum_of_Modern_Art
73.8770,40.8506 73.9525,40.7937 8.578977536223379 Bronx_Zoo--Conservatory_Garden
73.8770,40.8506 73.9857,40.7484 12.4933841980153 Bronx_Zoo--Empire_State_Building
73.8770,40.8506 73.9787,40.7587 11.66068234183558 Bronx_Zoo--Rockefeller_Center
73.9878,40.7426 73.9888,40.7564 0.4377635837721092 Madison_Square_Park--Madame_Tussauds_New_York
73.9878,40.7426 73.9855,40.7580 0.5373419890314401 Madison_Square_Park--Times_Square
73.9878,40.7426 73.9665,40.7812 2.64905975759442 Madison_Square_Park--Central_Park
73.9878,40.7426 73.9888,40.7564 0.4377635837721092 Madison_Square_Park--Madame_Tussauds_New_York
73.9800,40.7600 73.9888,40.7564 0.9850374802342637 Radio_City_Music_Hall--Madame_Tussauds_New_York
73.9800,40.7600 73.9665,40.7812 1.6366588485056766 Radio_City_Music_Hall--Central_Park
73.9800,40.7600 73.9690,40.6602 3.29974873435348 Radio_City_Music_Hall--Prospect_Park
73.9800,40.7600 73.9740,40.7813 0.9343709883833722 Radio_City_Music_Hall--American_Museum_of_Natural_History
73.9800,40.7600 73.9857,40.7484 0.7271290599556699 Radio_City_Music_Hall--Empire_State_Building
73.9501,40.8100 73.9857,40.7484 4.388693555692466 Apollo_Theater--Empire_State_Building
73.9501,40.8100 73.9832,40.7536 4.069048597118646 Apollo_Theater--Bryant_Park
73.9501,40.8100 74.0048,40.7480 6.375073548797606 Apollo_Theater--The_High_Line
73.9501,40.8100 73.9690,40.6602 5.061283227093176 Apollo_Theater--Prospect_Park
73.9501,40.8100 73.9888,40.7564 4.608699113997479 Apollo_Theater--Madame_Tussauds_New_York
73.9888,40.7564 73.9740,40.7813 1.8149646778742874 Madame_Tussauds_New_York--American_Museum_of_Natural_History
73.9888,40.7564 73.9832,40.7536 0.6287847854227566 Madame_Tussauds_New_York--Bryant_Park
73.9888,40.7564 73.9855,40.7580 0.3703269101693536 Madame_Tussauds_New_York--Times_Square
73.9888,40.7564 74.0134,40.7127 3.046623503005302 Madame_Tussauds_New_York--One_World_Trade_Center
73.9888,40.7564 73.9969,40.7061 1.786627162815717 Madame_Tussauds_New_York--Brooklyn_Bridge